# Created by Octave 4.2.2, Mon Apr 29 22:25:12 2019 IST <terminator@terminator-Lenovo-ideapad-310-15IKB>
# name: arr
# type: matrix
# rows: 3
# columns: 3
 1 2 3
 4 6 7
 9 10 12


